0
5
12
13
14
15
16
21
24
27
29
31
35
37
40
48
53
58
59
62
64
65
71
72
73
74
76
77
79
80
81
82
83
84
86
88
90
92
95
97
99
100
106
109
110
112
119
121
122
125
128
129
130
132
133
134
136
140
142
143
144
151
152
153
155
158
159
163
166
167
170
171
172
173
176
177
178
179
183
189
191
192
193
194
195
198
200
203
205
207
215
217
220
222
223
225
226
233
235
238
239
241
242
246
247
248
251
253
254
255
257
259
264
265
268
269
273
275
276
278
279
280
284
289
295
297
298
302
308
309
310
320
325
326
327
328
330
332
334
335
337
341
344
345
346
352
353
355
356
357
360
365
367
368
371
374
378
379
381
385
388
389
390
391
393
394
397
398
399
400
401
404
405
406
411
416
420
424
427
429
430
431
437
441
442
447
448
452
459
462
463
464
465
469
470
474
480
482
487
490
498
500
504
509
514
515
516
519
530
532
536
541
543
550
552
553
557
572
578
580
596
602
607
612
618
626
629
630
634
653
654
660
663
675
684
686
687
693
698
699
715
722
729
735
771
773
781
789
790
798
808
813
817
818
820
822
827
829
838
840
841
845
847
852
853
855
858
859
861
869
875
883
884
885
889
896
903
911
914
920
921
924
925
929
933
936
942
949
950
956
959
961
967
974
976
985
986
991
997
998
1003
1005
1011
1015
1016
1017
1018
1024
1028
1034
1035
1038
1042
1046
1049
1052
1053
1055
1056
1057
1058
1065
1071
1073
1079
1081
1084
1100
1102
1103
1104
1106
1116
1127
1131
1138
1140
1149
1151
1155
1160
1161
1162
1163
1167
1169
1172
1176
1178
1180
1181
1185
1189
1193
1208
1209
1218
1220
1221
1226
1227
1228
1234
1241
1243
1249
1255
1257
1258
1260
1262
1271
1272
1276
1284
1286
1289
1293
1294
1296
1297
1306
1316
1317
1318
1319
1321
1322
1325
1327
1331
1333
1337
1341
1344
1345
1355
1356
1362
1364
1365
1367
1368
1370
1374
1375
1379
1380
1385
1387
1388
1390
1399
1403
1404
1407
1409
1411
1412
1413
1423
1426
1428
1430
1431
1432
1435
1440
1441
1443
1445
1446
1447
1448
1450
1452
1454
1455
1457
1461
1462
1463